image: lab.pgm
resolution: 0.010000
origin: [-10.000000, -22.160000, 0.000000]
negate: 0
occupied_thresh: 0.65
free_thresh: 0.196

